data;
set N:= 0 1 2 3 4 5 6 7 8 9 10 11 12 13 14 15 16 17 18 19 20 21 22 23 24 25 26 ;
set C:= 1 2 3 4 5 6 7 8 9 10 11 12 13 14 15 16 17 18 19 20 21 22 23 24 25 ;
set V:= 1 2 3 4 5 6 7 8 9 10 11 12 13 14 15 16 17 18 19 20 21 22 23 24 25 ;
param G:= 100000;
param a:= 
0 0
1 912
2 825
3 65
4 727
5 15
6 621
7 170
8 255
9 534
10 357
11 448
12 652
13 30
14 567
15 384
16 475
17 99
18 179
19 278
20 10
21 914
22 812
23 732
24 65
25 169
26 0
;
param b:= 
0 1236
1 967
2 870
3 146
4 782
5 67
6 702
7 225
8 324
9 605
10 410
11 505
12 721
13 92
14 620
15 429
16 528
17 148
18 254
19 345
20 73
21 965
22 883
23 777
24 144
25 224
26 1236
;
param c: 
0 1 2 3 4 5 6 7 8 9 10 11 12 13 14 15 16 17 18 19 20 21 22 23 24 25 26 :=
0 0 18.6 20.6 16.1 18.1 15.1 19 16 18.1 20 16.7 19.6 38 30.8 39.3 36 40.3 33.3 35.3 39 10 10.1 12.1 13 15 15.1 0 
1 18.6 0 2 3.6 3 4.2 5 5.3 7 7.2 10.1 10 26.2 24 28.6 27.7 30.2 27.8 30.8 32.3 23.4 21.9 23.3 21.4 26.9 25.6 18.6 
2 20.6 2 0 5 3.6 5.8 5 6.4 7.2 7 10.7 10 25 23.5 27.4 26.9 29.1 27.4 30.4 31.6 25 23.4 24.7 22.6 28.2 26.9 20.6 
3 16.1 3.6 5 0 2 1 3.6 2 4.4 5.6 7 7.6 25.4 21.9 27.5 26 29 25.6 28.4 30.4 20 18.4 19.7 17.8 23.3 22 16.1 
4 18.1 3 3.6 2 0 3 2.2 2.8 4 4.4 7.2 7 24 21.1 26.2 25 27.8 25 27.8 29.5 21.6 20 21.2 19.1 24.7 23.3 18.1 
5 15.1 4.2 5.8 1 3 0 4.4 2.2 5 6.4 7 8 26.2 22.3 28.2 26.6 29.7 26 28.7 30.8 19.2 17.6 19.1 17.2 22.6 21.4 15.1 
6 19 5 5 3.6 2.2 4.4 0 3 2.2 2.2 5.8 5 21.9 18.9 24 22.8 25.6 22.8 25.7 27.3 21.4 19.7 20.8 18.4 24.2 22.6 19 
7 16 5.3 6.4 2 2.8 2.2 3 0 2.8 4.4 5 5.8 24.2 20.1 26.1 24.4 27.5 23.7 26.5 28.6 18.8 17.2 18.4 16.2 21.9 20.5 16 
8 18.1 7 7.2 4.4 4 5 2.2 2.8 0 2 3.6 3.1 21.4 17.4 23.3 21.6 24.7 21.1 24 25.9 19.6 17.8 18.8 16.4 22.2 20.6 18.1 
9 20 7.2 7 5.6 4.4 6.4 2.2 4.4 2 0 5 3.1 19.8 16.7 21.9 20.5 23.4 20.6 23.5 25 21.5 19.6 20.5 18 23.8 22.2 20 
10 16.7 10.1 10.7 7 7.2 7 5.8 5 3.6 5 0 3 21.4 15.8 23 20.5 24.2 19.2 21.9 24.4 16.7 14.8 15.6 13 18.8 17.2 16.7 
11 19.6 10 10 7.6 7 8 5 5.8 3.1 3.1 3 0 18.8 14.3 20.6 18.6 21.9 18 20.8 22.8 19.6 17.7 18.3 15.6 21.4 19.7 19.6 
12 38 26.2 25 25.4 24 26.2 21.9 24.2 21.4 19.8 21.4 18.8 0 10.4 3 7 5 12.2 14.1 11.1 35.3 33.3 33.1 30.1 35 33 38 
13 30.8 24 23.5 21.9 21.1 22.3 18.9 20.1 17.4 16.7 15.8 14.3 10.4 0 10 5.3 10.1 4 7 8.6 26.2 24.3 23.7 20.8 25.1 23.1 30.8 
14 39.3 28.6 27.4 27.5 26.2 28.2 24 26.1 23.3 21.9 23 20.6 3 10 0 5.3 2 10.7 12.2 8.6 35.9 33.9 33.5 30.5 35.1 33.1 39.3 
15 36 27.7 26.9 26 25 26.6 22.8 24.4 21.6 20.5 20.5 18.6 7 5.3 5.3 0 5 5.3 7 5 31.6 29.7 29.1 26.2 30.4 28.4 36 
16 40.3 30.2 29.1 29 27.8 29.7 25.6 27.5 24.7 23.4 24.2 21.9 5 10.1 2 5 0 10.1 11.1 7 36.4 34.4 33.9 31 35.3 33.3 40.3 
17 33.3 27.8 27.4 25.6 25 26 22.8 23.7 21.1 20.6 19.2 18 12.2 4 10.7 5.3 10.1 0 3 5.8 27.7 25.9 25 22.3 25.9 24 33.3 
18 35.3 30.8 30.4 28.4 27.8 28.7 25.7 26.5 24 23.5 21.9 20.8 14.1 7 12.2 7 11.1 3 0 5 29.1 27.4 26.4 23.8 26.9 25 35.3 
19 39 32.3 31.6 30.4 29.5 30.8 27.3 28.6 25.9 25 24.4 22.8 11.1 8.6 8.6 5 7 5.8 5 0 33.5 31.7 30.8 28.1 31.6 29.7 39 
20 10 23.4 25 20 21.6 19.2 21.4 18.8 19.6 21.5 16.7 19.6 35.3 26.2 35.9 31.6 36.4 27.7 29.1 33.5 0 2 2.8 5.3 5 5.3 10 
21 10.1 21.9 23.4 18.4 20 17.6 19.7 17.2 17.8 19.6 14.8 17.7 33.3 24.3 33.9 29.7 34.4 25.9 27.4 31.7 2 0 2 3.6 5.3 5 10.1 
22 12.1 23.3 24.7 19.7 21.2 19.1 20.8 18.4 18.8 20.5 15.6 18.3 33.1 23.7 33.5 29.1 33.9 25 26.4 30.8 2.8 2 0 3 3.6 3 12.1 
23 13 21.4 22.6 17.8 19.1 17.2 18.4 16.2 16.4 18 13 15.6 30.1 20.8 30.5 26.2 31 22.3 23.8 28.1 5.3 3.6 3 0 5.8 4.2 13 
24 15 26.9 28.2 23.3 24.7 22.6 24.2 21.9 22.2 23.8 18.8 21.4 35 25.1 35.1 30.4 35.3 25.9 26.9 31.6 5 5.3 3.6 5.8 0 2 15 
25 15.1 25.6 26.9 22 23.3 21.4 22.6 20.5 20.6 22.2 17.2 19.7 33 23.1 33.1 28.4 33.3 24 25 29.7 5.3 5 3 4.2 2 0 15.1 
26 0 18.6 20.6 16.1 18.1 15.1 19 16 18.1 20 16.7 19.6 38 30.8 39.3 36 40.3 33.3 35.3 39 10 10.1 12.1 13 15 15.1 0 
;
param t: 
0 1 2 3 4 5 6 7 8 9 10 11 12 13 14 15 16 17 18 19 20 21 22 23 24 25 26 :=
0 0 18.6 20.6 16.1 18.1 15.1 19 16 18.1 20 16.7 19.6 38 30.8 39.3 36 40.3 33.3 35.3 39 10 10.1 12.1 13 15 15.1 0 
1 108.6 90 92 93.6 93 94.2 95 95.3 97 97.2 100.1 100 116.2 114 118.6 117.7 120.2 117.8 120.8 122.3 113.4 111.9 113.3 111.4 116.9 115.6 108.6 
2 110.6 92 90 95 93.6 95.8 95 96.4 97.2 97 100.7 100 115 113.5 117.4 116.9 119.1 117.4 120.4 121.6 115 113.4 114.7 112.6 118.2 116.9 110.6 
3 106.1 93.6 95 90 92 91 93.6 92 94.4 95.6 97 97.6 115.4 111.9 117.5 116 119 115.6 118.4 120.4 110 108.4 109.7 107.8 113.3 112 106.1 
4 108.1 93 93.6 92 90 93 92.2 92.8 94 94.4 97.2 97 114 111.1 116.2 115 117.8 115 117.8 119.5 111.6 110 111.2 109.1 114.7 113.3 108.1 
5 105.1 94.2 95.8 91 93 90 94.4 92.2 95 96.4 97 98 116.2 112.3 118.2 116.6 119.7 116 118.7 120.8 109.2 107.6 109.1 107.2 112.6 111.4 105.1 
6 109 95 95 93.6 92.2 94.4 90 93 92.2 92.2 95.8 95 111.9 108.9 114 112.8 115.6 112.8 115.7 117.3 111.4 109.7 110.8 108.4 114.2 112.6 109 
7 106 95.3 96.4 92 92.8 92.2 93 90 92.8 94.4 95 95.8 114.2 110.1 116.1 114.4 117.5 113.7 116.5 118.6 108.8 107.2 108.4 106.2 111.9 110.5 106 
8 108.1 97 97.2 94.4 94 95 92.2 92.8 90 92 93.6 93.1 111.4 107.4 113.3 111.6 114.7 111.1 114 115.9 109.6 107.8 108.8 106.4 112.2 110.6 108.1 
9 110 97.2 97 95.6 94.4 96.4 92.2 94.4 92 90 95 93.1 109.8 106.7 111.9 110.5 113.4 110.6 113.5 115 111.5 109.6 110.5 108 113.8 112.2 110 
10 106.7 100.1 100.7 97 97.2 97 95.8 95 93.6 95 90 93 111.4 105.8 113 110.5 114.2 109.2 111.9 114.4 106.7 104.8 105.6 103 108.8 107.2 106.7 
11 109.6 100 100 97.6 97 98 95 95.8 93.1 93.1 93 90 108.8 104.3 110.6 108.6 111.9 108 110.8 112.8 109.6 107.7 108.3 105.6 111.4 109.7 109.6 
12 128 116.2 115 115.4 114 116.2 111.9 114.2 111.4 109.8 111.4 108.8 90 100.4 93 97 95 102.2 104.1 101.1 125.3 123.3 123.1 120.1 125 123 128 
13 120.8 114 113.5 111.9 111.1 112.3 108.9 110.1 107.4 106.7 105.8 104.3 100.4 90 100 95.3 100.1 94 97 98.6 116.2 114.3 113.7 110.8 115.1 113.1 120.8 
14 129.3 118.6 117.4 117.5 116.2 118.2 114 116.1 113.3 111.9 113 110.6 93 100 90 95.3 92 100.7 102.2 98.6 125.9 123.9 123.5 120.5 125.1 123.1 129.3 
15 126 117.7 116.9 116 115 116.6 112.8 114.4 111.6 110.5 110.5 108.6 97 95.3 95.3 90 95 95.3 97 95 121.6 119.7 119.1 116.2 120.4 118.4 126 
16 130.3 120.2 119.1 119 117.8 119.7 115.6 117.5 114.7 113.4 114.2 111.9 95 100.1 92 95 90 100.1 101.1 97 126.4 124.4 123.9 121 125.3 123.3 130.3 
17 123.3 117.8 117.4 115.6 115 116 112.8 113.7 111.1 110.6 109.2 108 102.2 94 100.7 95.3 100.1 90 93 95.8 117.7 115.9 115 112.3 115.9 114 123.3 
18 125.3 120.8 120.4 118.4 117.8 118.7 115.7 116.5 114 113.5 111.9 110.8 104.1 97 102.2 97 101.1 93 90 95 119.1 117.4 116.4 113.8 116.9 115 125.3 
19 129 122.3 121.6 120.4 119.5 120.8 117.3 118.6 115.9 115 114.4 112.8 101.1 98.6 98.6 95 97 95.8 95 90 123.5 121.7 120.8 118.1 121.6 119.7 129 
20 100 113.4 115 110 111.6 109.2 111.4 108.8 109.6 111.5 106.7 109.6 125.3 116.2 125.9 121.6 126.4 117.7 119.1 123.5 90 92 92.8 95.3 95 95.3 100 
21 100.1 111.9 113.4 108.4 110 107.6 109.7 107.2 107.8 109.6 104.8 107.7 123.3 114.3 123.9 119.7 124.4 115.9 117.4 121.7 92 90 92 93.6 95.3 95 100.1 
22 102.1 113.3 114.7 109.7 111.2 109.1 110.8 108.4 108.8 110.5 105.6 108.3 123.1 113.7 123.5 119.1 123.9 115 116.4 120.8 92.8 92 90 93 93.6 93 102.1 
23 103 111.4 112.6 107.8 109.1 107.2 108.4 106.2 106.4 108 103 105.6 120.1 110.8 120.5 116.2 121 112.3 113.8 118.1 95.3 93.6 93 90 95.8 94.2 103 
24 105 116.9 118.2 113.3 114.7 112.6 114.2 111.9 112.2 113.8 108.8 111.4 125 115.1 125.1 120.4 125.3 115.9 116.9 121.6 95 95.3 93.6 95.8 90 92 105 
25 105.1 115.6 116.9 112 113.3 111.4 112.6 110.5 110.6 112.2 107.2 109.7 123 113.1 123.1 118.4 123.3 114 115 119.7 95.3 95 93 94.2 92 90 105.1 
26 0 18.6 20.6 16.1 18.1 15.1 19 16 18.1 20 16.7 19.6 38 30.8 39.3 36 40.3 33.3 35.3 39 10 10.1 12.1 13 15 15.1 0 
;
param d:= 
1 10
2 30
3 10
4 10
5 10
6 20
7 20
8 20
9 10
10 10
11 10
12 20
13 30
14 10
15 40
16 40
17 20
18 20
19 10
20 10
21 20
22 20
23 10
24 10
25 40
;
param q:= 200;
param m:= 25;
end;
