data;
set N:= 0 1 2 3 4 5 6 7 8 9 10 11 12 13 14 15 16 17 18 19 20 21 22 23 24 25 26 ;
set C:= 1 2 3 4 5 6 7 8 9 10 11 12 13 14 15 16 17 18 19 20 21 22 23 24 25 ;
set V:= 1 2 3 4 5 6 7 8 9 10 11 12 13 14 15 16 17 18 19 20 21 22 23 24 25 ;
param G:= 100000;
param a:= 
0 0
1 161
2 50
3 116
4 149
5 34
6 99
7 81
8 95
9 97
10 124
11 67
12 63
13 159
14 32
15 61
16 75
17 157
18 87
19 76
20 126
21 62
22 97
23 68
24 153
25 172
26 0
;
param b:= 
0 230
1 171
2 60
3 126
4 159
5 44
6 109
7 91
8 105
9 107
10 134
11 77
12 73
13 169
14 42
15 71
16 85
17 167
18 97
19 86
20 136
21 72
22 107
23 78
24 163
25 182
26 230
;
param c: 
0 1 2 3 4 5 6 7 8 9 10 11 12 13 14 15 16 17 18 19 20 21 22 23 24 25 26 :=
0 0 15.2 18 22.3 25 20.6 11.1 21.2 26.2 32 25.4 33.5 15 11.1 32 30.4 29.1 30.4 15.8 32 31.6 18 26.9 36 30 33.5 0 
1 15.2 0 32.5 14.5 32.2 32.2 24.8 21 31.5 17.8 15.5 26.4 16.6 26.4 46.8 45.3 42.4 40.7 22.8 28.2 16.4 29.2 39.2 46.1 27.7 37.6 15.2 
2 18 32.5 0 34.4 20.2 23.8 16.4 36.2 36 47.4 43.2 50.2 23.4 9.4 21.1 13 25.1 32.6 27.4 47.4 49 10.4 12.2 23.3 34.9 30.1 18 
3 22.3 14.5 34.4 0 25 42.7 33.5 35.3 45 15 29.1 40.3 11.1 32 53.1 47.1 51.4 52.2 35.3 42.7 22.3 26.9 36.4 40 14.1 26.9 22.3 
4 25 32.2 20.2 25 0 41.2 31.6 46 50.5 40 47.1 57 15.8 25.4 41.2 29.1 45 50.9 40.3 56.5 46 10 14.1 15 18 10 25 
5 20.6 32.2 23.8 42.7 41.2 0 10 20.6 13.9 50 33.5 35.3 35.3 15.8 20 29.1 11.1 10 11.1 30 46 31.6 36 47.1 50.2 50.9 20.6 
6 11.1 24.8 16.4 33.5 31.6 10 0 20.6 19.8 42.4 30.4 35.3 25.4 7 22.3 25.4 18 20 11.1 31.6 40.3 22.3 28.2 39 40.3 41.2 11.1 
7 21.2 21 36.2 35.3 46 20.6 20.6 0 12.2 36.4 14.1 15 33.5 26.9 40.3 46 31.6 25 10 11.1 29.1 39 47.1 57 47.4 54 21.2 
8 26.2 31.5 36 45 50.5 13.9 19.8 12.2 0 48.1 26.2 24.1 40.7 26.9 33.3 42.9 23 13.9 10.4 17.7 41.3 41.8 48.1 58.8 55.5 59.6 26.2 
9 32 17.8 47.4 15 40 50 42.4 36.4 48.1 0 25 35.3 25.4 43 64 60.4 60.2 58.3 40.3 40 11.1 41.2 50.9 55 26.9 41.2 32 
10 25.4 15.5 43.2 29.1 47.1 33.5 30.4 14.1 26.2 25 0 11.1 32 35 52.2 55 44.7 39 22.3 15 15.8 42.7 52.2 60.4 43 53.1 25.4 
11 33.5 26.4 50.2 40.3 57 35.3 35.3 15 24.1 35.3 11.1 0 42.4 41.2 55.2 60.8 46 38 25 7 25 51.4 60.4 69.4 54 63.6 33.5 
12 15 16.6 23.4 11.1 15.8 35.3 25.4 33.5 40.7 25.4 32 42.4 0 22.3 43 36 42.7 45.2 30.4 43 30.4 15.8 25.4 30.4 15 21.2 15 
13 11.1 26.4 9.4 32 25.4 15.8 7 26.9 26.9 43 35 41.2 22.3 0 21.2 20 20.6 25.4 18 38 42.7 15.8 21.2 32 36.4 35.3 11.1 
14 32 46.8 21.1 53.1 41.2 20 22.3 40.3 33.3 64 52.2 55.2 43 21.2 0 15.8 11.1 22.3 30.4 50 62.6 31.6 30 40.3 55.9 50.9 32 
15 30.4 45.3 13 47.1 29.1 29.1 25.4 46 42.9 60.4 55 60.8 36 20 15.8 0 25 35.3 36.4 57 61.8 21.2 15.8 25 46 38 30.4 
16 29.1 42.4 25.1 51.4 45 11.1 18 31.6 23 60.2 44.7 46 42.7 20.6 11.1 25 0 11.1 22.3 40.3 57 35 36.4 47.4 57 55 29.1 
17 30.4 40.7 32.6 52.2 50.9 10 20 25 13.9 58.3 39 38 45.2 25.4 22.3 35.3 11.1 0 18 31.6 53.1 41.2 44.7 55.9 60.2 60.8 30.4 
18 15.8 22.8 27.4 35.3 40.3 11.1 11.1 10 10.4 40.3 22.3 25 30.4 18 30.4 36.4 22.3 18 0 20.6 35.3 32 39 49.4 45.2 49.2 15.8 
19 32 28.2 47.4 42.7 56.5 30 31.6 11.1 17.7 40 15 7 43 38 50 57 40.3 31.6 20.6 0 30.4 50 58.3 68 55.9 64 32 
20 31.6 16.4 49 22.3 46 46 40.3 29.1 41.3 11.1 15.8 25 30.4 42.7 62.6 61.8 57 53.1 35.3 30.4 0 45 55 60.8 36 49.2 31.6 
21 18 29.2 10.4 26.9 10 31.6 22.3 39 41.8 41.2 42.7 51.4 15.8 15.8 31.6 21.2 35 41.2 32 50 45 0 10 18 25 20 18 
22 26.9 39.2 12.2 36.4 14.1 36 28.2 47.1 48.1 50.9 52.2 60.4 25.4 21.2 30 15.8 36.4 44.7 39 58.3 55 10 0 11.1 32 22.3 26.9 
23 36 46.1 23.3 40 15 47.1 39 57 58.8 55 60.4 69.4 30.4 32 40.3 25 47.4 55.9 49.4 68 60.8 18 11.1 0 31.6 18 36 
24 30 27.7 34.9 14.1 18 50.2 40.3 47.4 55.5 26.9 43 54 15 36.4 55.9 46 57 60.2 45.2 55.9 36 25 32 31.6 0 15 30 
25 33.5 37.6 30.1 26.9 10 50.9 41.2 54 59.6 41.2 53.1 63.6 21.2 35.3 50.9 38 55 60.8 49.2 64 49.2 20 22.3 18 15 0 33.5 
26 0 15.2 18 22.3 25 20.6 11.1 21.2 26.2 32 25.4 33.5 15 11.1 32 30.4 29.1 30.4 15.8 32 31.6 18 26.9 36 30 33.5 0 
;
param t: 
0 1 2 3 4 5 6 7 8 9 10 11 12 13 14 15 16 17 18 19 20 21 22 23 24 25 26 :=
0 0 15.2 18 22.3 25 20.6 11.1 21.2 26.2 32 25.4 33.5 15 11.1 32 30.4 29.1 30.4 15.8 32 31.6 18 26.9 36 30 33.5 0 
1 25.2 10 42.5 24.5 42.2 42.2 34.8 31 41.5 27.8 25.5 36.4 26.6 36.4 56.8 55.3 52.4 50.7 32.8 38.2 26.4 39.2 49.2 56.1 37.7 47.6 25.2 
2 28 42.5 10 44.4 30.2 33.8 26.4 46.2 46 57.4 53.2 60.2 33.4 19.4 31.1 23 35.1 42.6 37.4 57.4 59 20.4 22.2 33.3 44.9 40.1 28 
3 32.3 24.5 44.4 10 35 52.7 43.5 45.3 55 25 39.1 50.3 21.1 42 63.1 57.1 61.4 62.2 45.3 52.7 32.3 36.9 46.4 50 24.1 36.9 32.3 
4 35 42.2 30.2 35 10 51.2 41.6 56 60.5 50 57.1 67 25.8 35.4 51.2 39.1 55 60.9 50.3 66.5 56 20 24.1 25 28 20 35 
5 30.6 42.2 33.8 52.7 51.2 10 20 30.6 23.9 60 43.5 45.3 45.3 25.8 30 39.1 21.1 20 21.1 40 56 41.6 46 57.1 60.2 60.9 30.6 
6 21.1 34.8 26.4 43.5 41.6 20 10 30.6 29.8 52.4 40.4 45.3 35.4 17 32.3 35.4 28 30 21.1 41.6 50.3 32.3 38.2 49 50.3 51.2 21.1 
7 31.2 31 46.2 45.3 56 30.6 30.6 10 22.2 46.4 24.1 25 43.5 36.9 50.3 56 41.6 35 20 21.1 39.1 49 57.1 67 57.4 64 31.2 
8 36.2 41.5 46 55 60.5 23.9 29.8 22.2 10 58.1 36.2 34.1 50.7 36.9 43.3 52.9 33 23.9 20.4 27.7 51.3 51.8 58.1 68.8 65.5 69.6 36.2 
9 42 27.8 57.4 25 50 60 52.4 46.4 58.1 10 35 45.3 35.4 53 74 70.4 70.2 68.3 50.3 50 21.1 51.2 60.9 65 36.9 51.2 42 
10 35.4 25.5 53.2 39.1 57.1 43.5 40.4 24.1 36.2 35 10 21.1 42 45 62.2 65 54.7 49 32.3 25 25.8 52.7 62.2 70.4 53 63.1 35.4 
11 43.5 36.4 60.2 50.3 67 45.3 45.3 25 34.1 45.3 21.1 10 52.4 51.2 65.2 70.8 56 48 35 17 35 61.4 70.4 79.4 64 73.6 43.5 
12 25 26.6 33.4 21.1 25.8 45.3 35.4 43.5 50.7 35.4 42 52.4 10 32.3 53 46 52.7 55.2 40.4 53 40.4 25.8 35.4 40.4 25 31.2 25 
13 21.1 36.4 19.4 42 35.4 25.8 17 36.9 36.9 53 45 51.2 32.3 10 31.2 30 30.6 35.4 28 48 52.7 25.8 31.2 42 46.4 45.3 21.1 
14 42 56.8 31.1 63.1 51.2 30 32.3 50.3 43.3 74 62.2 65.2 53 31.2 10 25.8 21.1 32.3 40.4 60 72.6 41.6 40 50.3 65.9 60.9 42 
15 40.4 55.3 23 57.1 39.1 39.1 35.4 56 52.9 70.4 65 70.8 46 30 25.8 10 35 45.3 46.4 67 71.8 31.2 25.8 35 56 48 40.4 
16 39.1 52.4 35.1 61.4 55 21.1 28 41.6 33 70.2 54.7 56 52.7 30.6 21.1 35 10 21.1 32.3 50.3 67 45 46.4 57.4 67 65 39.1 
17 40.4 50.7 42.6 62.2 60.9 20 30 35 23.9 68.3 49 48 55.2 35.4 32.3 45.3 21.1 10 28 41.6 63.1 51.2 54.7 65.9 70.2 70.8 40.4 
18 25.8 32.8 37.4 45.3 50.3 21.1 21.1 20 20.4 50.3 32.3 35 40.4 28 40.4 46.4 32.3 28 10 30.6 45.3 42 49 59.4 55.2 59.2 25.8 
19 42 38.2 57.4 52.7 66.5 40 41.6 21.1 27.7 50 25 17 53 48 60 67 50.3 41.6 30.6 10 40.4 60 68.3 78 65.9 74 42 
20 41.6 26.4 59 32.3 56 56 50.3 39.1 51.3 21.1 25.8 35 40.4 52.7 72.6 71.8 67 63.1 45.3 40.4 10 55 65 70.8 46 59.2 41.6 
21 28 39.2 20.4 36.9 20 41.6 32.3 49 51.8 51.2 52.7 61.4 25.8 25.8 41.6 31.2 45 51.2 42 60 55 10 20 28 35 30 28 
22 36.9 49.2 22.2 46.4 24.1 46 38.2 57.1 58.1 60.9 62.2 70.4 35.4 31.2 40 25.8 46.4 54.7 49 68.3 65 20 10 21.1 42 32.3 36.9 
23 46 56.1 33.3 50 25 57.1 49 67 68.8 65 70.4 79.4 40.4 42 50.3 35 57.4 65.9 59.4 78 70.8 28 21.1 10 41.6 28 46 
24 40 37.7 44.9 24.1 28 60.2 50.3 57.4 65.5 36.9 53 64 25 46.4 65.9 56 67 70.2 55.2 65.9 46 35 42 41.6 10 25 40 
25 43.5 47.6 40.1 36.9 20 60.9 51.2 64 69.6 51.2 63.1 73.6 31.2 45.3 60.9 48 65 70.8 59.2 74 59.2 30 32.3 28 25 10 43.5 
26 0 15.2 18 22.3 25 20.6 11.1 21.2 26.2 32 25.4 33.5 15 11.1 32 30.4 29.1 30.4 15.8 32 31.6 18 26.9 36 30 33.5 0 
;
param d:= 
1 10
2 7
3 13
4 19
5 26
6 3
7 5
8 9
9 16
10 16
11 12
12 19
13 23
14 20
15 8
16 19
17 2
18 12
19 17
20 9
21 11
22 18
23 29
24 3
25 6
;
param q:= 200;
param m:= 25;
end;
